INDEX OF PERSONS.

1719 numbers 19191 to the casea 1191 to 1119 99999.

Ρ9199,1193169119961199 771119116119, 1191699919, 1111919 19, 1701
1678 Ε11111919, 1646
1119911119 19, 1678 11111969 9191 Thome 19, 1701
111991199 61199 7711191161 19, 1678 Stephanus 19, 1701
1191191199 19, 1678 Thomas 19, 1701
11939199 61199 7111191161 19, 1678 1196691199 Comes, 272, 1102, 1127,
Puteum, Augustinus ad, 1773 12131224, 1273, 1721
1161169 uxor Augustini 91, 1773 1999961969, Prior de, 51
Ρ9191, Puoot, 17111911699 19, 556, 11999919, (19191199, 1344
1772 Κ9191169 uxor (1919111, 1344
191191, Η9611999, 1942 11999116311961, Mobilis uxor Thome
Pyn, Η91991111919, 1285 19, 1171
19196191, Petrus (19, 40 Thomas 19, 1171
Pytho, Willelmus de, 695 1199619119, (1911111119 19, 1836 .
1199161911999,Α]1919 6119 11111119 (19,
999999, Η911191919, 999, 1127 1839
1193919919, 1126 Auiola 6119 11111119 19, 1839
9991961969, 1191111199 19, 29, 340, 11111119 19, 1839
845, 1487 (19661119 6119 11111119 19, 1839
119191199 61199 (1911111119, 845 1199, 719119199, 445
9999919, Η9619619, 27 11911966919, (191111199 19, 1805
Μ9111119 uxor Hamonis le, 27 17111911699 19, 1805
Balbum, Willslmus de, 1841
11911969, 11911969, Baldewinus 19, 119991969, 119991969, 111991199 61199
143, 856 “ 1199911119, 185
11911969 vide Raddona. Robartus de, 185
1191991199, 1199961919, 1846 11991691199 Comes, 1666
11919191119, 81169619, 594 1193119, 1199961, 1199969, Thomas 19,
119191931199119119199119. 407
11916916, Ρ1191 19, 1624 1791191119 19, 1146
119116999, Abbas de, 842 Willelmus 19, 1147
1191163999119Β96196399. 119169 vide Roing'.
1191196, 11966, Β9111916, 251 119193699, 71111916111919, 1760
7711191699, 251 11916369, Johannes de, 280
1199396911, willelmus, 1788 1191191199 19, 280
1193111969, Alexander 19, 1155 Thomas de, 610
1199169119919, 1155 1191619, J ohannes filius 11199111, 474
11911911, 111991199, 282 111991199, 474
11911691969, Β9111191916999, 579 119619, 111991199, 427
Μ9111119, 579 1196911, willelmus, 1118
1197, 1191191199 19, 1189 11911969, 119996, Johannes 19, 908
11919311911919199119, 111999 19, 1581 11966916, (111999119919, 834
1711191699 19, 348, 401, 427, 471, 1969669919, 834
503, 514, 755, 886, 1143, 1146, 11961969, Thomas 19, 547
1186, 1193, 1215, 1482 Ι199199’,19119669919, 237, 1659
1191199119 vide Rollesby. Reruiordia, Abbas 19, 526
1196199919, Abbas 19, 322, 360, 1716 Remum, Berham, Mauricius 19, 929

 

