Μ

INDEX OF THINGS.

The nunrbm refer 10 the corea not 10 the papea

1456, 1461, 1539, 1692, 1723, 1725,
1763

1100, wager 01, 7, 143, 184, 195, 325,
390, 396, 477, 531, 537, 536, 629,
645, 766, 731, 741, 742, 763, 770,
736, 788, 799, 811, 812, 874, 875,
897, 936, 1079,1097, 1101, 1125,
1151, 1404, 1436, 1457,1467, 1543,
1549, 1566, 1574, 1570

Madaya, 107, 1587,1606,1641, 1647

11000 year, 1291

Legsoy, 162, 381, 684, 756, 847, 1441

1103010, 00001, 412, 1219, 1235, 1238,
1273, 1388

110001001010, 010100 regni, 1219

Legislative aots, 1117, 1215, 1217

11011, 10 battle 111, 1675

11011, 10 001110 in, 387

110001, incapacity oi, 807, 841, 1648

Liability ior 0010 01 others, 779, 781,
960, 1199, 1243,1745

Liege 00110110, 255, 495, 671, 1148,
1277, 1289, 1572

1110101011 ior, 0110101101 by, 540,
828

Life, tenant ior, waste by, 443, 540

Limitotion of actions, 186, 234, 280,
340, 428, 429, 499, 550, 617, 700,
884, 1688, 1877, 1889

1111111011010, 0810111001, 1217

Litigation, protracted, 302, 566, 960,
991, 1424, 1486

Litigation more speedy in Oourt
Christian, 351

110111 and Heir, 000 11000011

Lord representing tenants‚ 666, 1582

11110110, 000 Non 0011000 mentis.

Lunatie, homicide by, 1878, 1008

Magnetes, the, 277, 354, 857, 1108,
1117, 1189, 1217, 1227, 1235, 1273,
1396, 1593, 1730

Μο11011,136, 138, 821, 1461, 1473,
1474, 1539

Μο11010, 687

Manor and member, 1669

110101, 00100101, 695,1064,1078,1449

11011101, 494, 578, 786, 826, 1037,
1162, 1282, 1720

Maritagium, 000 Meninge portion.

Marriage‚ validity 01, 291, 324, 570,
642, 944, 953, 1142, 1176, 1267,
1895

110111000011100111-1003110010001101,
1669, 1718, 18751895

Marriage 01 1110110, 349, 696, 965,
10981267

110111010101110 right, 12, 178, 270,
696, 776, 850, 965, 1090, 1098,
1112, 1131, 1267, 1278,1280,1283,
12861596

Meninge portion (maritagium), 61, -
86, 195, 207, 241, 295, 315, 361,
487, 550, 566, 629, 664, 751, 752,
778, 779, 811, 855, 948, 1008, 1018,
1071, 1685, 1912, 1921,1958,1960,

, 1981

Meninge settlement, 151, 442, 646,
683, 1107, 1392, 1683, 1960

Marriage, breaoh of promise 01, 570,
659

Marriage, promise in eonsideration
oi, 646, 683

Marriage, 01111000101111011, 1677

1111011011, 11011, palatine rights 01,
1213

110111011346

Μο00110, customary 0110111, 778

Μο101101, 63, 70, 88, 281, 395, 465,
753, 794, 895, 916, 1005, 1030,
1041, 1662, 1163, 1210,1225,1230,
1374, 1661, 1812

1101101, 8101111001, 1117, 1217, 1409,
1881,1975

Μο010 0100000, 526, 527, 796, 801,
802, 900, 925, 1232, 1286, 1296,
ffifflffifflfflffl
1407, 1408, 1420, 1421,1422,1446

110010 tenure, 158, 202, 209, 273,
275, 333, 362, 390, 506, 546, 563,
624, 657, 666, 674, 698, 837, 849,
1043, 1146, 1184,1207,1211, 1401,
1622, 1652, 1687

Metayer 101110, 1471, 1735

 

