336

11711511 OF PERSONS.

The numbers refer 15 the 15551 not 15 the 55951.

771115151615, 1555555565, 742
1711111115, 1711151577115555, 1555555
65, 392
15551155 51511155511165, 224
111551655 65, 392
115551155 65, 224
willelmus, Comes, 363, 375, 567,
752, 854, 964, 1127,1235, 1273,
1306, 1349, 1405, 1561, 1567,
15741685, 1686, 1755
1115515105511115, 363, 1235
willelmus, 1151655115, 102, 145
willeye 51115 1711151155
7765531555, 115651155 65, 857
11555115565, 1766
77111555515, (151111655 65, 1324
115651155 65, 1324
Willelmus filius 1156516 65, 1324
771155, Alanus 61155 755155 (15, 25
Thomas 65, 25
77117, 775115155 65, 1145
77111555, 1155511555 65, 906, 1698
771515516555, 01151155 uxor 11155161
65, 73
111551655 65, 73
wimberuillu, 7155155515 uxor Rogeri
65, 450
1155515565, 450, 856
77155551555, Paulinus de, 397
7711555651515, Prior de, 1665
7715656655, App. 3
tiliois 51511165, App. 3
7715655515, 7711155555 65, 161
windesores, Wyndosorss‚ Andreas
61155 15555515 65, 868
65551555151155 65, 824
Hugo 65, 106, 437
15555555 65, 868
111551655 65, 294
771115111111565, 528, 1038
wineleghu, walterus 65, 1314
winsllegu, 1555555565, 338
winghum, Hugo de, 151
77151515511115, (1115551155 65, 372, 434
1555555 65, 1434
1715551555151 (1111555111 65, 372,
434

77151515511155, Β55111515 uxor 7711151-
mi 65, 586
willelmus 65, 586
77151515555115, Η5511555 65, 679
winteringohum, (1511665565, 1785
77151511555, Β55111515 uxor willelmi
65, 640 1 ·
7711155555 65, 640
771515555115, Η5511555 65, 256
771515551155, Rubenius 65, 26
wintonia, walterus ds, 136
771515515, 551111555491, 529
wintonienses Episcopi, 15, 92, 247,
276, 324, 395, 647, 699, 715, 928,
1570, 1594, 1689, 1761, 1764
wintoniensis Arohidisoonus, 276
wintringborn' 51115 Wyteringburn.
77115155515, willelmus 65, 1324
wirosop, Prior 65, 552
wischardo, Engo, 1442
7715155551555, 15555555 65, 526
witeby, Abbas 65, 1676
77115151615, Η5511555 65, 1303
7711515555, 1156111155 65, 1715
77115555555151515 uxor Henrioi 65,
1629
Η5511555 65, 1629
77115516515, Alanus 65, 698
77115551155 uide Wythswrths.
withrenwiks‚ Amiois de, 1879
1715551555 61155 Amioie 65, 1879
1711151555, Η5511555 65, 915
77111555, Prior 65, 1
771555515 vide 77555515.
Wlirid', 14151515 5151 11155161 65,
934
111551655 65, 934
77115, Philippus de, 1665
7715151555,7511515 515111155161 65,
1002 ·
1115516115 65, 1002
Simon 65, 1002
771511555515115, Stephanus 65, 1587
wlwioo, Duuid 65, 1776
wod, Hobbe, 514
77565151615, Thomas 65, 1681
775651555, 1151111655 65, 1473

 

