INDEX OF PERSONS.

The numbers refer lo the 55555 nol 15 the 55555.

0151155511555155, 907
Τ151555, 1945
1115115155, 1191
Willelmus, 216, 1948
015115551115, Ρ1151155515, 1311
01111511, 0111151115, 111551155 15, 1152
1155515515, 102, 172, 352
1115115155 15, 349
0111151115 viclo 01111511.
01111555, Adam 15, 252
Agnes 11115 Ε115 15, 252
Ε115515, 252
1155515515, 252
01551555, 1151111155 15, 322
011531555, 1511515 15, 648
01151555, 115151515, 202
Α5115155151Η551151 15, 1318
Η551155515, 1318, 1493
Η55515, 1158
1551511515, 1373
11511515 uxor Hugonis de, 1158
Willelmus (15, 283, 1373
01155515 viclo clippesby.
clippesby, Clipesby, Hugo 15, 48
11155115515, 186
01551555, 115151155 15, 725
01155155, 015155, 1115155115 filia
1151511115, 819
11515115515, 819
01155, Hugo 15, 677
11515115515, 1604
0115515511, 01551555, lohannes (15,
1436
Μ51155515, 121, 1436, 16351722
Μ511111511115 Mothei de, 1635, 1722
Stephanus de, 298
1711151155515, 1436
Willolmus filius Mathei de, 1722
01551555 viclo cliuedena.
Gliuo, Hugo 15, 1505
Μ5111115 uxor Hugonis de, 1505

Clokes, 11155115515, 1726

cloptona, 11515115515, 49, 104, 1486
Stephanus 15, 736

015155 vide 01155155.

015551115515, 1164, 1395

055115, 1115511551515, Ι828

055551515, 1515555515, 1627

0555551515, 1515555515, 1977

0551, (15115155, 484

051151515,Η551155515, 821, 1593
1515555515, 821

0511515, Η551155515, 262

051513, 1515115515, 1118

055, lohannes, 1799
05151155, 1041
Walterus, 1790

5551555555515555515,155, ’

298 -
Coche, Henricus, 291
05515151115, 0515151115, Adam 15,
1100,1393
115151155 15, 1109
05151551115, 15515115 uxor Simonis
de, 494
811555 15, 494
05555, 05555, Agnes uxor Ragonio,
311
Alicio 5151111515151, 1463
1111115 filia Rogeri, 678
1115155 5115115151, 1650
Hugo, 311
‚Iuliana 5151115555, 1464
Μ5111115 uxor 11515111, 656
1115151555, 1463
111551155, 331
115151155123, 656
11555155, 678, 1464
willelmus, 1650
05151515, 05151515, lohannes 15,
1246
051551515, 115515155111115 11155111
15, 1746
11155115515, 1746
0511515, 0555511515, 424
051151555, Η551155515, 51
0511155, 1115511115 15, 243
05555, Prior 15, 798
05555151, 0555511115, 115151155 15,
1478
1151511555115511515111 15, 1478
0555551111, (1555551515, 11155 15,
255, 448
051515, Η551155515, 314

 

