178

INDEX 0146110118.

The numbers refer to the cases not to the panes.

Wms oi Rmnz

01 advowson. 89, 111, 114, 199, 248, 262, 272, 329, 416,
488, 551, 569, 699, 693, 769, 853, 915, 1064, 1336, 1365,
1307, 1509, 15581634, 1813.

writ oi right of ward. 33, 236, 266, 288, 349, 505, 643
661, 681, 695, 708, 731, 742, 758, 763, 812, 845, 860,
868, 873, 906, 908, 990, 1076, 11831231, 16061603,
16821872.

Writ de rationabilibus divisis. 249, 445, 509, 534, 535, 590,
1485, 1521, 1547.

Prooedure in the 101ᾰέ court. 26, 40, 212, 1436, 1847.

Procedure in the county court. 40, 212, 243, 955, 1360,
1436, 1513, 1672.

Pone. 445, 542, 556, 823, 1079, 1638, 1776.

Summons eto. 10, 39, 924, 1458,1547,1667.

Essoins. 20, 28, 54, 69, 118,166,175,212,288, 309, 353,
397, 404, 406418, 421, 441, 509, 579, 587, 609, 618,
621, 662, 735, 745, 746, 760, 858, 886, 896, 922, 923,
926, 945, 954, 957, 9581019, 10391050, 1052, 1059,
1086,1116,1291, 1369, 1385, 1450, 1481, 14841513,
15751577, 1591, 1611, 1637,1642, 1901.

View. 8, 39, 119, 235, 315, 510, 534, 590, 595, 603, 936,
1055, 1318,1323,1414, 1509, 1646.

Default. 40, 54, 69, 117, 212, 235, 307, 430, 468, 522, 542,
604, 614, 688, 735, 886, 924, 945, 958, 1003, 10821266,
1301, 1318, 1385,1399,1538, 1587, 1602,1612,1626,
1634, 1672, 1710, 1737, 1901.

Warranty. 117, 141, 185, 413, 534, 562, 614, 615, 624, 634,
671, 689, 708, 889, 945, 1037, 1220, 1234, 1268, 1373,
1399, 1410, 1414, 1444, 1695, 1717.

count, examples ·ο1. 86, 90, 181, 199, 209, 213, 224, 233,
298, 411, 476, 438, 703, 855, 892, 947, 949, 1040‚1055,
1336, 1360, 1365, 1395, 1578.

Pleas.

Non-tenure. 8,102, 227, 322, 327, 364, 403, 452,
557, 656, 662, 681, 694, 846, 1067, 1164, 1220,
1229.

Non-joinder. 181, 227, 676, 726, 800, 10101034,
1044, 1057, 1351, 1437, 1584, 1663, 1708, 1748,
1764,1933.

Infaney. 461442.

Anoientdemesne. 652.

Kinship. 230, 315, 358, 554, 637, 980, 982, 1048,
1360, 1630, 1678.

Fine. 147, 302, 403, 715, 716, 831, 849, 853, 991,
1095, 1427, 1558, 1621.

Feofiment. 224, 250, 272, 393, 467, 671, 848.

 

