mmlx 01* PERSONS.

1746 numbers roser lo (116 66666 661 lo tle 66666.

Longa 71116, Prior 66, 426
Thomas 66, 559
Longespei vide Lungespoye.
Longeuilla‚ Η6611666 66, 286
Longo Campo, Nunohamp, 7711161·
1116666, 1542, 1545
Longus. 611616 6116 7761161, 1311
1116111666, 132
77611666, 1311
Lonn’, Ι1666“,11656116666, 314
Lonueyse 6166 11666166.
1616661166, 1661666166, 314
16666616, Dux, 1766
116616, 1166111166, 1666
Lucet, Dyamanda 6161 11166161, 353
1116616661, 253, 1667
166161, willelmus, 1929
16616, 7711161616616, 563
1661, (1161111666 66, 768, 753, 867,
1117, 13361556,1576,1593,1764
(16161666 61166 11166161, 1644
(1666111666 66, 938, 1689, 1764
116156166666, 1117
,Iuliana uxor (1611116166, 1336
Μ611611666, 447, 1538
Μ6511116 66, 476
1116616116 66, 427, 476, 1644, 1695,
1593, 1764
1161161616 6116 (16111161 66, 1593,
1764
Willelmus 66, 1527
1666615666, 7711161666 66, 467
16661616, 66661666 66, 7
(1661116 66, 7
1666666116, 16666166, Alexander 66,
188
1666661166, Agnes de, 821
Margaia de, 821
16666166 vide Ludesdona.
Ludinglona, willelmus 66, 281
1666111666, Rex 1166616, 1163
1611611616, 1666611616, Hugo 66, 962
11661116 uxor Rannulfi 66, 962
1366661166 66, 962
1166156166, Martinus 16, 820
humbrae, Hugo de, 363
16166616 vide Limenia.

1666, willelmus 66, 661
16661616, (1116561166 66, App 7
lohannes 61166 (11165616 66, App]
1666166, Ν161161666 66, 395
1611666616 vide Lungoepeye.
1611116666)γ vide Lungespeye.
16666166 hungespeie, hungespey,
1116 uxor 7711161161, 1696
Idonea uxor 7111161611, 362, 563,
541, 627
willelmus, 362, 363, 563, 541, 627,
1664, 1235, 1277, 1574, 1698
1661611616, (1166166616 66, 869
lohannes 66, 1294
hup, 1165611116, 1652
Lupus, 16656116 uxor 7711161611, 1927
Stephanus, 629
1711161666, 1927
1661656116, 1661665626, willelmus
de, 1366
1656161, Andreas, 747
(16161666, 1854
Lunam, 1116111666 66, 875
huual, PetruS, 545
11656166, 798
77111616166, 327
166611, willelmus, 1159
6666665566, 31661666 de. 1857
1166611165, Nigellus de, 1297
Luw, 116561166 16, 1186

Μ6666, Hugo 16, 816
Μ6661, Β61661666, 836
Magnus, 1611661166, 215
16611661 vide Monte Alto-
11616616 vide 11666616.
1661656166, (1116561166, 215
11616516, fingo, 1386
Μ6166166166, Β66111616, 342
1116661666, 666, 673
1168661166 6116 Β66111616, 342
Serlo, 342
1161666666, 0116116116 6161 walteri,
377
walterus, 351, 377
116165, 611616, 1584
11656166, 593

 

