INDEX OF PERSONS.

The 66161616 refer to the 66666661 to the 66666.

861616, 7711161666 66, 1439
Sonawella, 11616116666, 1575
1161611666116677611611 (16, 1642
walterus de, 1575, 1642
86161, 116161166, 1137
861161616, Thomas 66, 723
Sowy, 7711161116666, 1689
86611616, Stephanus de, 193
77111616166 (16, 193, 1120
866111, 116161166, 265
8666611663 Prior (16, 1209
8616111661, 16616116 6161 11616111,
1946
116161166, 1946
86111666, 611616 uxor Johannis de,
1700
1611661166 66, 1700, 1744
sproxtona, 1616666666, 708, 712
16166666 filius Johannia de, 708
116161166 66, 749
Simon 66, 749
86616161, 11616116616, 1483
81661666 vide 81661666.
8161161616, Η6611666 66, 1692
1111166616 (16, 1043
8166616166616 6161161666666, 187
8163116, Adam 66, 784

Stainwnth vide Stainwath.
Stake, Willelmus, 1955

81661666, (11666661 66, 1179
81666, 116161166 66, 530
Rogerus 66 16, 666. 5
8166661666, Alexander 61166 1166616
66, 1386
116661166 66, 1386
8166616616, J ohannes 66, 1563
816666, Elias 66, 670
16166666 66, 282
7111161666 66, 1012, 1702
8166666116, Margaria uxor 116616 66,
342
Thomas 66, 342
stanfordia, Hugo 66, 1596
J ohanna uxor Hugonis de, 1596
81661616, 66661166 uxor J ohannis 66,
317
16166666 66, 317

81661661, 0616116666, 1931
8166116,Η616666 66, 506, 844, 1812,
1836
8166166, 1616166116, 1759
Margaria uxor J oholi 66, 1759
816616616, 6116666, 1063
8166111616,1616666661661161611166,
1554
Μ6161116 61611161611166, 1554
1166111166 611661161611166, 1554
116161166 66, 1554
116161166 61166 8611661666, 1554
8611666, 1554
Simon 611661161611166, 1554
7711161666 61166 8611661666, 1554
81666166, 61166 (16, 971

81666116166166 816661161616.
816661161616, 8166611616, 111661666

66,758,1898
7711161666 66, 1949
8166611666, 1716161666 66, 220
116161166 66, 1169
8166166116, 8166166166, Albinus 66,
1563
Elena uxor 11616111 66, 944
811666 61617761161166, 1657
861166 uxor 61116166, 1563
(1116 uxor J ohannis 66, 716, 936
Helena 66, 1102
Η61666 616177611611 (16, 956
16166666 66, 716, 936
11616116666, 944
7161616666, 944, 956, 1657
816111, Elena 616111666616, 1901
1166661166, 1901
8161161166661166, 876Ι
111661666 1166661666, 876
81666116, 81166116, 6666166, 1845
616666 66, 1845
61616 filia Ado 66, 1845
8166616, Adam 66, 1865
611616 1111666666, 1865
8166611666, 0161111666 66, 1063
816666161616, 6661666, 332
Μ6111116 uxor 66666, 332
816661666, (1116161166 66, 316
116161166 66, 316

21-2

 

