INDEX OF THINGS.

The 00111010 refer to 110 carre 1101 10 the 00901.-

41111601111011 01 101101, 131, 643, Age, 101 fighting, 1548
765, 790, 798, 820, 823 Age, 11011100110, 1847, 1899, 1957
4511011011, 100 111111101. Age, proof of 1111, 46, 687, 1131, 1362
4011011011 01 101101 by death, 432, 430101873
440, 063, 689, 894, 1425, 1437, 41631111061111011111,1146
1499 1416101611, 506, 792, 1146
45110110110111111100, 700, 1081 41101, 110, 730, 750, 1220, 1396
4111101116 110111, 341 4110111101, 00101111 against, 18, 36,
4116101101 01 wife, 1597 419, 549, 680
1110111100, 12 4110111101, 11010101, 105, 386, 401,
4011111101, 67, 9381137, 1179, 1180, 566, 617, 631, 930, 944, 1054, 1102,
1266, 1431, 1723 1248, 1289, 1665
41110100 beyond 1011, 93, 123, 302, 4110111101, 011011111011110, 1470
403, 716, 1779 4110111101 0115111116, 402, 1189,
4010111101 ordered, 670, 766, 817, 1706
1143, 1388, 1671 4110111101, 10161001101110, 01001-
40001101101,1460,1548,16001711 1111111101 01, 428, 627, 680, 947,
, 400111100100, 154, 182, 100, 205, 1070,1148,1607,1616,1665
379, 558, 959, 1126, 1434, 1913 4110111101, 1111111011, 10 avoid
1050111013 form 01, 1656 101101, 483, 846, 1024
4011011, 011111001110101 11 real 116 Amenda, 10160101, 1199
10110111, 803 411010111011 generally, 18, 54, 79,
4011011, 0160101, 31, 37, 94, 99, 122, 213, 114, 360, 391, 417, 489,
157,140, 416, 461, 692, 819, 846, 770, 798,1149,1159, 11701191,
1000,1077,1091,1176, 11331519, 1130, 1249, 1613, 1794, 1890
1573, 1601, 17891835, 1945, 1967 01 franchise 00111, 824, 834

461101111011011010111110, 1130 01001111, 40,168,185,1130, 1412, ’

46111011 1111111106, 753 1436

461110011011, 1018 0111101111, 10, 40

46100110 0111111011, 148, 515 0111111001, 67, 530, 564

46101101, 49, 94, 97, 114, 305, 311, 0111101601, 298
395, 423, 416, 515, 536, 644, 797, 4101011 60110110, 292, 651, 834, 907,
810,1015,1004, 1240, 1395, 1509, 951,1099,1122,1130, 1134, 1237,
1578,1618,1716, 1731 1400, 1524, 1973

 

