282

INDEX OF PERSONS.

1715 anselm refer 15 the 55551551 to 155 peaes.

Filiae-

Milonis, nugo, 807
1115551555, 298
111551055, 32
11535155, 66

Messe, Ricardns, 479

1115115151, 15055555, 908, 1447
Milo, 298
1115551555, 1085
05551155, 663
115051155, 300, 657,1117, 1163,

1492
11531551055, 596, 991
Thomas, 1974
17511555, 1532
willelmus, 609, 1867

11135515, Henriens, 774

11135011511511555, 230, 1676
Jordenus, 1851.
05551155, 538
Rannulfus, 230
111551055, 321, 1674
115551155, 1311
willelmus, 652

1151515551, 1115510115, 571
Robertus, 1926

005515, willelmus, 502
Thomas, 1590

03511, Ρ51155, 143

. Rogatus, 1249

01011151, Η51555, 593

0155351150511115, 227
willelmus, 227

0555111, Elyas, 1899
Helyas, 225

Esuriens, 1619
Oliuerus, 564

Petrus, 507
115051155, 664

111551055, 1056

115551155, 562, 1621 Δ

11535155, 564, 788, 1055, 1838,
1691

Thomas, 1896

775115155, 335

willelmus, 507
05111550101155, 344

Filiae-

05515110111535155, 348
1151111055, 1759
01115515, 7701515155, 887
Ρ53551, (105551155, 1663
Thomas, 281
1751151115, 87
warinus, 1663
willelmus, 215
Ρ5111511, Johannes, 226, 239
Ρ5111, Adam, 537, 849
Alanus, 554
Brianns, 668, 1074
Galfridns, 241, 758, 797, 858,
1190, 1334, 1487, 1570
0105551155, 833
(15051055, 1490
Η535, 668, 1074
Η515111055, 1041
Johannes, 833, 658
J oudelinns, 1091
Ρ51155, 637, 1403
Radnlfus, 330
11531551055, 1024, 1041
Reynerns, 1074
111551055, 771, 1051, 1067
115551155, 1570, 1942
Simon, 633, 1799
Willelmus, 82, 484, 1364, 1468
Philippi, 40515, 104
Alexander, 1033
Johannes, 187, 1768
1150511115, 1836
111551055, 609
115551155, 778, 885, 980
1710511555, 1128, 1489, 1768
Pioot’, Andreas, 211
Ρ51151555, Edwardus, 1903

, Johannes,1903

Prepositi, Η535, 72
1155511511, 7711551115, 1823
Ρ55555101, 1151151155, 634
Quenil', Alanus, 1026
11505111, Adam, 185
Alanus, 1631
Alexander, 90
Brianns, 1917

 

