182 num 61 16116116.

The numbers refer 16 the 66661 not 16 1116 papea.

4661611 or 1161111 1116661611.

Plffl· Entry under judgment. 1195,1297, 1667, 1793,
1836.

6 ,. king’swrit. 1825‚1950.

‚‚ fine. 10121223.
,, 1661161661. 1251,1256,1840.

,, 611 condition broken. 1200.
,, ,, giftinmortmain. 1248.
,, ,, death 61 particular 16116111, 616. 1470,
1921,1924.
,, 1661611616. 1207.
,, 161 6616611 61 service. 1908.
,, under 66616111. 1662.
No 666166 by lord 63611161 16116111. 1861.
Villeinage. 281, 1030, 1203, 1242, 1812, 1885,
1887, 1914.

Tn'al by jury. 825,1150,1251, 1256, 1290, 1793, 1885,
1887, 1891,1894, 1899, 1924.

,466116 turned 11116 perambulation. 907.

666166 proceeds. 318, 339, 360, 428, 471, 617, 779, 781,
885, 985, 1032,1033,1147, 1149, 1193, 1194, 1239, 1241,
1242, 1245, 1246,1247,1258,1259,1260, 1261, 1284,
1470, 1471, 1791, 1792, 1794,1796, 1797, 18091814,
18151816, 18361837, 1838, 1840, 1841, 18421861,
1886, 1890, 1892, 18931895, 1904, 19061907, 1910,
1911,1922,1925,1946, 1949, 19651974, 1975, 1976.

7166111161 6111. 469.

, ⁵ 466116 61 1161611611.
1161611666. 701, 8061081, 1196, 1253, 1785, 1804, 1953.

466161. 61 111661οἈ11616166.
0111166111 6111111161. 47, 59, 77, 225, 616.
, ,, 16611161.1476,1773,1849,1877,616.
,, ,, 61611161. 196, 271, 299, 370, 616.
, ,, sister. 659,1128,1475,1857,616.
,, ,, uncle. 44, 93, 123, 144, 616.
On death in pilgrimage. 196, 271,306, 1148,
13071787.
011 6111611113 religion. 1850.
Ρ16666616.
Summom, 616. 1311, 1603‚1832, 18561879,
19561959.
Ε666111. 24, 370, 1799.
0616611, 370, 878, 1293, 1306, 1311, 1348,
1807, 1832, 18551856, 1879,1909,1956

 

