14444 04 1441444. 183

The numbers roser to the 44444 not to 104 44944.

444144 44 Mem D'Aucnswon.

Warranty. 30, 42, 43, 47, 77, 196, 331, 387, 734, 833, 1157,
1293, 1306, 1394,1476, 1508, 1529, 1557, 1722, 1803,
1827, 1849, 1870, 1876,1808,1917,1927, 1931, 1948,
1954.

Ρ4141 demurring. 30, 43, 331, 336, 421, 1287, 1508, 1557,
1722, 1774, 1775, 1783,1827,1849, 18701898, 1948,
1951, 1954, 1957,1958.

Plena.

,Non-tenure. 37, 292, 326, 421, 729, 870, 986, 987,
1465, 1479, 1781, 1787, 1955, 1963, 1977.

Non-joinder. 1571.

1441 next heir. 1475, 1829, 1952.

Η4141141 dead. 1805.

Η4 did not die seised. 1462, 1487,1770, 18181823,
1851, 1853, 1912,1971.

14411444 been seised. 1397, 1773.

Kinship. 44, 299, 326‚833‚ 1128, 1161, 1480, 1784,
1830, 1858, 1884,1927,1954.

Bastardy. 1780, 1859,1917,1927, 1962.

Fine. 93,123,729, 1884. ,

Feoflment. 250, 331, 1467.

11ίωί1141144. 3401877.

Other litigation 14 4144444143. 1789, 1967.

7111414434. ³43‚1833.

144 tertii. 1311, 1821, 18521878, 1881,1903.

7411444. 37, 45, 282, 1176, 1766, 1822.

444144 41444444. 45, 144, 225, 250, 306, 870, 879, 984, 1348,
1477, 1770, 1821,1853, 18551876, 1877, 1879, 1909,
1912, 1931,1948, 1959, 1963.

Trial by jury. 87, 250, 282, 1572, 1722, 1839, 1951.

114444 04114.
1441144444. 121357.

04414144.
01414444. 1215.

’ VI.

444144 numu.
1114144444. 21, 55, 179, 285, 308, 368, 539, 841, 887, 1020,
1025, 1156, 1359, 14301555, 1790, 1845, 1924, 1980.

VII.

444144 4401444114 Ρ4444444444.
3441114144. 49, 51, 69, 172, 260, 910, 516, 798, 820, 98³.
1035, 1070, 1208, 1312, 1416, 1452, 1542, 1607.

 

