328

11101111 or 11166066.

The numbers refer 16 the 66666 not to 166 66666.

7166601, Η61111011606, 169
1066666606, 169
71066010100 Trogoz.
71666660601066, 270
71666166,176116166 (16, 596, 991
7161101666, 10106666 (16, 214
716661, Thomas, 431, 512, 612
711601, 1116166116 uxor 11066111, 1357
110661166, 1357
Trigesyre, 1610666606, 143
76116666, 1711161666 de. 773
711116, 06661166, 962
7116116116, 8., 06 Βο600, Prior, 1319
de Eboraoo, Prior, 19, 97, 515,
1415
06 (16606160, Prior, 945
06 Gipewioo, Prior, 1239
Prior, 711
7100610, 1011116666, 684
Μ661116 uxor 10666616, 684
7100616161066, Adam de, 259, 609
Trokemereton, Henricus de, 1222
71066, S„ Μ611166606, 1323
110666166101 Mathai 06, 1323
71061661, Hawisia uxor willelmi,
1916
17111611666, 1916
7101601166, 17111611666 (16, 1047
71661661116, 1411616116, 799
Alioia uxor 1160611106, 799
1160111166 (16, 674
716166161066, Agnes uxor 1011611616
0611661559
1066666606,966,1559 .
7166611066, 1160161066 06, 57

·’ 71666, 11066166611661711161611, 662

willelmus, 662

Trusael, 7166661, Μ6111116, 146, 208
willelmae, 196

7161, 1011611666, 1148

7606116111, 7606611616, 1160666066

00, 521, 603

06661166 de, 1891

· 116166166 06, 478
1110610611 06, 478, 1891
11066160 filius 0666111 06, 1891
8611606, 1264

7606611616 vide 76066661.

’ 76666, 1161166060 06, 1883

76616661066, 06166066 06, 1072
1106611116 06, 1072
7666666666, 776116166 (16, 220
766061, 0606Ιί666, 398
7666116 vide 7116616.
766616, 7666116, 7660616, Heminae,
223
7611661066, 110661166 06, 710
7666616 vide 766616.
7666610606, Thomas de, 958
7666110116 vide Tupholm.
Taphoim, Tupeholm, Tupholme,
Tuppeholm‚ Abbas de, 445, 535,
810
7661101616 vide Tuphoim.
Tuppeholm vide 76660116.
761, 10106666 (16 16, 1397
7616616106, 1111016 uxor 77611611 (16,
77
1011611666 06, 1414
71611666 06, 77, 1401, 1599
76161, Β61111010111666, 1458
7616111116, 7661661116, 0166106606,
368
Ε166106606, 524
isabella uxor 7711161161 06, 203,
1355
Μ6111116 uxor 7711161161 06, 203,
1355
36061166 06, 524
111661066 06, 524
Simon de, 368
77111611666 06, 203, 1355
Turgarton' vide Turgeretona.
Turgeretona‚ Turgarton’‚ Prior 06,
1454
761616, Alina uxor Roberti, 460
1101161166, 460
7616666111,16666116 filia 11066111 06,
1869
110661166 06, 1869
7611111616,11061166 11101 Stephani 06,
1410
10116666 uxor 11060111 06, 1754
110661166 06, 1339, 1754

 

