INDEX OF PLACES.

The numbers refer 10 the 0000111101 10 the 10101.

6111610106οω 6616010101000111 11001, 1505
6611110101 6611110101 (1) Sus. 525
6611101110 6111111011 Derb. 315
6610101001 Chingford 1100. 78
6610οο11010 66101101 Ox. 1126
6611106001 6111006001 Buok. 1571
6611106001 661110011001 wilt. 219
6611101 6111. 375
66100160011000 Chiselhampton Ox. 1669
6610010601610 Εο0. 1665-
6610001011ιο 6111010101 Berk. 1616
6110010 11000. (1) 231
6116010 Β11011. 461
6600000100 6600000101 6101101427, 1499
6101101 61011010 Lino. 1430
6101101000 6100101000 11011. 11501716
61010 61010 601. 1162
610106011001 61016010016 11010329
clarendona 6101001100 “ 171110. 1228
6101061 610161 11100645
61011000 6101000 11010. 1000
Clauerlega claverley 61011. 167
6100011000 610101100 60111. 866
61016010 6101611110 60106. 299, 1582
6100001000 6010. 1591
61000100610 6100110111 Ηο010. 676
61010 11101100Ιο10 Ηο010. 476
6101010 61010 Ox. 566
61111000 61111οο Bed. 581
61111000 61111100 Β110110. 466
61111000 6111100 6001111110 6101. 94, 662
6110010011 Ox. 030
Clipesby 611110061 11011. 48, 1843
6111010011 1101160101. 725
6110011000 61101100 611011. 290
61111010οᾶ0 6101010011 10111. 254
61110061, 000 61110061

600101000 11001100 10110 126
60006010 110000οΙ1 Note. 522
6006106010 1100111011οΙ1 601. 1607
6001101011 1100111111 606. 1028
6001110000 Κο0111100 11001, 704
6000011010 1100ᾶί06011 6101. 1627
6006010 600116οι0 Βο111. 988
6011011001ἰο 60111001 01. 1004
6011006001 6006006001 6111. 428, 1746
60100001110 6010600101 Ess. 778, 779

M. 1. 14

 

