INDEX OF PERSONS.

The numbers refer to 115 casea 551 to 115 papea.

611511151115 vide Stratiordia.
strattona, Boatrioia uxor Rioheri 15,
1843

1115115155 15, 1843

Stephanus 15, 19
611511555, Η535 15, 433
611515, 15151151515, 545
611515555515, 1111151155515, 637
6151115111 vide Shudham.
61551555, Walterus 15, 1460
61551155, 155115, 958

Μ5135115 uxor Joslis de, 958
Sturmuwe, 1111151155515, 1768
615115511155115 6111551115.
61515511155115 6111551115.
655115, 65115555, 115351551515, 53,

305, 1043, 1149

1153515515, 247
65511515, lohannes de, 352
Susnham‚ 651155311551, 115115155 15,

858
655115, 615155, 10
65555551555, Philippus de, 1358
6515151115, Arohidiaoonus, 788
65151115, 11531551155 15, 1814

1111151515515, 1814
Sulrewall’ vide Siffrswall’.
6511355115, willelmus 15, 1489
65155515135, 0551115 115, 1708
Suleby, Abbas 15, 320

Η535 15, 633
6515551, 4151515515, 51
65115353, 115515115515, 265
Sulpicii, 6. Α611511555, 1163
6551511513, Thomas de, 1210
6551511555, Β115555 115, 1816

1555115515, 595, 1816

115511515515, 1095
6515515115, Μ513511515, 1861
6551513, Agnes 1115115355 15, 550

Elias 15, 10

Μ513511515, 40

Milo 15, 1001

1153515515, 550

Simon 15, 718

Thomas 4111551153511 15, 550
6551155, 65515115, Martinus 15, 439

65561115, Thomas 15, 1317
65515115515, 15115555 uxor Radulfl
15, 642
Radulfus 15, 642
65515151555, (1151111155 15, 1505
655515355, 65115 15, 1583
65515, 115151155 1515, 1938
Sups vide Rupe.
65151115 Sarrisbirie.
6511551515, Elizabetha uxor 1711151-
51115, 1470
1111151155515, 1470
6515153511531, Ρ1151155515, 22
6511515, (lomes. 1243
6565531555, Μ5151, 1123
6511151515, 1111511555 15, 10
6511111511, Johannea 15, 1027
Μ5111115 uxor Johannis de, 1027
6511531555, Η5511555 15, 250
6511555, (1115151155 15, 756
Mobilia uxor Willelmi 15, 566
115135115 filia 1156511115, 1279
1151151155 15, 58, 89, 1279, 1641
65115155 15, 256
1111151155515, 256, 566
6511511, 111551155, 513
65115115 vide Suwilla.
6511515, 1555555515, 90
Ρ1151 15, 933
651115, Ρ115115, 1570
65111115, 65115115,Η53515, 554
Suworo', Decanus 15, 550
6111135, 1111151515515, 1286
6115111515, 015 15, 623
6151551155, 4151111155 15, 1202
6115551555, Bowy de, 1316
6115115355, (151111155 15, 1836
Philippus 15, 1836
611535, cristiana uxor lobannis, 1139
lohannes, 1139
611111, 1115151555, 639
sisinn 11551515515, 256
61155511555, 1151151155 15, 1300
6111111551, 6., Ρ1151, 114, 1237, 1495
Swynaoumba, 3551515515, 274
1115155155 15, 274
6311511551 vide Siffrowall'.

 

