INDEX 01· PERSONS.

The 1111515511 refer 15 155 caece 1151 to 115 pagus.

111155-

11565111, (laufridus, 1041
Η551511555, 1411, App. 8
Η55155, 715
Η5511555, 1003
Η5551155, 486
Hugo, 467, 480

lohannes, 667, 686, 831, 1594,

1631
1551555155, 686
Mauricius, 1095
Μ1511551, 1151, 1809
Ρ51155, 994

1151151155, 997, 955, 1099, 1437,

1445
111551655, 467, 945, 1957
115551155, 949, 1099, 1174, 1057
11535155, 404, 8481543, 1558
Thomas, 984
71515555, 699, 939
7751151115, 99, 984, 467

willelmus, 90, 156, 997, 394,
565, 796, 759, 1941, 1554,

1797, 1883
1155555, 7111151555, 1685
11555519, Alanus, 1861
Hugo, 979, 393
lohannes, 914
Philippus, 1048
3551551655, 1041
111551655, 930, 1806
11535155, 1048
’15515551935 .
willelmus, 59, 1980
1155115, 355151655, 1900
1155155161, 46515, 357
lohannes, 973
1516511, 774
115651155, 978, 344

111551655, 476, 650, 811, 1044,

1764
115551155, 1678, 1899
Willelmue, 318, 774
115515115551155, 1569
1151555161, willelmus, 50
’ 1151511161, 11535155, 913
11555, Η5511555, 994

11Ιὶ115-
Reyneri, Hugo, 1853

Willelmue, 1568

11155161, 351155155555, 803

3115555, 1816
Fuloo, 915
(1511111155, 476, 1764
Η5511555, 1455, 1979
Η51551155, 476
Η5151555, 1800
Hugo, 838

¹ Iuo, 1967

1555555, 1816

15555555, 943, 367, 656, 815,
894, 945, 1591, 1638, 1663,
1951

15165555, 843

1115551555, 1960

05551155, 303, 671

Philippus, 343, 977

115651155, 455, 1876

1155651155, 867

3531551655, 86

111551655, 114, 1040, 1960

115551155, 303, 316, 349, 604, 836, -
15391585

11535155, 193

Simon, 139, 1849

Τ1155155, 138, 399

7115115, 1639

1751151115, 1663

7711151555, 186, 358, 663, 867,
1105, 1351, 1360, 15451799,

1806

11155511, 46515, 949
11555111, 46551, 1100

415555, 901
Alexander, 1069
4561555, 601, 1711
Augustinus, 1499
Β5111151551555, 754
Frey, 634

(15115655, 1469, 1858
(1115551155, 316, 1968
(1565111655, 889
1155155, 495

Hugo, 7581565, 1571

 

