111111 61 1116116. 911

The numbers refer 16 1166660661 16 11666666.

0161166611116 1161161116. 439, 1096
0111106116 01610611 Η6116. 1937
0106116111 0600616611 Sus. 1946
0616111116 0111161111 1161166111). 1056
0111116116 0611161 Dev. 1584, 1601
0101611616 0161161161 016116. 901
0111166 0661166 Dev. 1143
01111166 016116. 140
011161660616 Gummersdale 011116. 1040
Cumquintin Gumwhinton Gumb. 1040
0611111616 06116161 0611. 190
camptona compton War. 8
Guneleffeldia wilt. 1670
Gunningeburgum Conisborough York. 96, 1685
Cunningeby Coningsby Lino. 986
0611661116 0611166611] Dev. 197
0611716166 Coneythorpe, York (1) Lino. 1739
0166111616 06111666 061116. 1078
011616661016 0611611610 wilt. 1360
0966611111 chichester Sus. 1753

cylo Chelvey 86111. 5
Cyrencestria‚ 666 011616661116

0661161 0616661 0116116. 868
0611611611 0666666111 066 758
06161616 06161611 06116. 1155
vaninge 0100060116 Norf. 614
0611606 0611660 0616. 1319
06166661111 0616616161 York. 1399
Dauby Dalby Leie. 1995
0611111616 0611118161 11611, 17, 767
06111116 0616111] northamp. 31
06616116 0611611 York. 779, 1016
0666611611 0666111611 3111. 917
0606111611 06011611 Eas. 746
06006161616 061116. 764
0616661066 0616616116 Barke. 1537
0616111616 11611. 679
0611616 0611116166 York, 1874
0661’ 066116 Η6116. 906
06660616 Sur. 375
06161610 0610610 York. 1863
06161611116 0611616116 Dev. 785
0611111616 0611163161, Dur. (1) York. 1463
0610161616 0616116161 11611. 1198
0666661611 0666616131] 1161166116. 571
0616161 0111136611 0616611036 06161111 wilt. 1981

14-9

 

