INDEX OF PERSONS.

718 numbers refer 1ο the 88888 not 18 the 88388.

0881888, walterus 18, 1927
willelmus 61188 17811881 18, 1927
Cortona, 0881888, Alina uxor 03881

68, 996
038888 68, 996
Thomas 68, 1073
1711181888 68, 559, 996
08818811, 1118 uxor Hugonis, 413
’ Η838, 413
08888338, 11838888 68, 842
08888838, 1183888868, 1078
0888681818 6118 Simonis, 934
68881188 6118 Simonis, 334
0881118 6118 Simonis, 934
61888888 6118 Simonis, 934
Hnwisis uxor Roberti, 1427, 1499
18868118 6118 Simonis, 934
118838818 6118 Simonis, 934
118688188, 1427, 1499
’ Simon, 934
1711181888, 345
0881831888, (1881831888, 1868888
uxor Willslmi 68, 1770
Stephanus 68, 262
7711181888 68, 1770
088188888, 7711181888 68, 913
081, walterus, 896
088888, Mobilis 18, 1908
088881, 1711181888 18, 776
08888, Prior de, 516
088111, 18688888 68, 1335
11861118 uxor 17811881 68, 1336
1178118888 68, 1335
088118, iohannes 68, 273
083818388, 1183818868868, 1109

083888, 1183818868868, 1117
088, 1868888818, 286

0888888168, 16688 68, 1651
Thomas 68, 1172

0888818168 088888.

08888168 Tyrry.

0888, 118188 68, 978

118888181188888, 18688888, 1201
17811888, 532, 1910, 1940
118386 vide Β8386.

1181881888,63888 uxorHonrici 68, 758

11818688, Η8881888 68, 758

11811183, Ρ81888 68, 614

118888, 118681188 68, 351

1188868, 1868888868, 1847

118888881818,6.111818818168, Magister,

1169
Danes’, Petrus de, 488
Thomas de, 488

1188888, 18, vide 118888.

1188888118, 1188888868, Μ881888-
118, S. Μ88118ο, (1868181688 68,
1698

1868888 uxor 1886881 68, 1605

18688888 68, 1275

1886888868, 9061605, 1698

06868, 185, 574

Ρ818881118 uxor 1761818168, 777

1183881688 68, 777

1183888868, 251

7711181888 68, 185, 777, 906

1711181888 61188 188688168, 906,
1698

1188188888, 0888188818, 1188818888,
1181111188888118388168, 297, 375,
690, 797, 830

11838888 68, 297, 376, 690, 797,
830
118816, 08888, 451, 672, 708, 1124
6., waterus 68, 113

118816, 66688, 648

11881888 vide Dauintr'.

Douingtonn, Priorissa de, 767

11881818’, 11881888, 1711181888 68,
10671076

11881818, Prior 68, 31, 308

1188888868 vide 1188888118.

0888188818 vide 1188188888.

1188818888 vide 1188188888.

11886, 18, vide Pour,

Dsye, Auiois 18, 514

1181831888, Β88168188888 68, 1769

Simon 68, 1769

Deice, 17618188868, 1490

11888, 1118888818 uxor 7161818168,
1630

76888868, 876
1711181888 68, 1630

 

