INDEX OF AGTIONS.

The numbers refer to 1111111111 to the mes.

01111 11111 1111111111.
1111111111. 16,145, 11131188, 1150, 1710.

Qum 11111 1111111111.
1111111111. 511, 611.

Qum 1111111111.
1111111111. 81, 311, 394, 559, 583, 666, 916, 1151, 1381,
1406, 1417, 1740, 1741.
Qum 1111111111.
1111111111. 660, 773, 791, 1049, 1110,1177.
Quum 11111 m 1111111.
1111111111. 1090,1178, 1596.
(1111111111.
11111111. 1140.
Qum 111111.
1111111111. 1679.
0111111111111111.
1111111111. 584,1363,1583, 1706.
0111111111111.
1111111111. 311, 566, 639, 697, 1104, 1174,1439, 1441, 1554,
16191746.
Quum 1111111 111111.
11111111. 1114.
Qum 1111111111.
11111111. 1180.
0111111111111 11 1111111111.
1111111111. 1186.
Qum 11 11111 111111111111.
1111111111, 137,198, 15031305.
Qum 11111 1111111111.
1111111111. 494, 578, 786, 1183.
Qum 1111111 m 1111111111.
1111111111. 374, 384, 498, 1650.
Quum 11111 11111111.
1111111111. 1411.
011111111111111.
1111111111. 111, 116, 195, 581, 713, 717, 313, 967, 1034,
1181, 1581, 1583, 17191747.
0101111.
1111111111. 133113, 174, 330, 391, 433, 561, 806, 618, 673,
709, 710, 803, 818, 903, 914, 941, 971, 374, 1588, 1614,
16181711.
01011111111.
Brought hythe king. 141, 168, 331, 411, 440, 578, 581, 750,
840, 861, 930, 1066,1111, 1119, 1161, 1114,1171, 1171,
1174,1171,1188,1666.
8111111111111111.35,95,119,153,601,1013,1014,
1108,1138,1141,1175,1181,1136,1358,1330,1511,1846.

 

