312

INDEX OF PERSONS.

The 11199191( refer to 119 coneo 1191 to 1119 pones.

offingen, 1791919199 (19, 1104

0919, Prior (19, 914

09919999, 1791919199 (19, 774

019919, Ν191191999 (19, 1178

0199991119, Sarra de, 1751

0119ι vide Home.

019919, 1911999911 (19, 1238

019919, Arohidiooonns, 817
Comes, 790, 848, 1117,1485
eomitissa, 619, 633, 827, 881, 1919

Oye, 1999911999 (19, 1766

Oylli, Oilly, Honrious (19, 1589, 1688
Η9911999 filius Henrici do, 1688
1119111119 (19, 1088
1191191199 (19, 1688

Oylly, Henrious (19, 105, 855, 1363
1191119119 9119 11919111 de, 855
Μ9111119 9119 Η991191 (19, 105
Μ9111119 uxor Honrioi (19, 855

1911911991, Hugo (19, 819
Ρ991199119119, Simon de, 758
Ρ9911919,1191191199 19, 470

1911911991, 09191199, 1348

19399999991119 Poynel.

19999991119999, 503

Pago, willelmus, 135

1991999, 0991119 uxor Η991191 (19,

1824
Η9911999119, 1824

19919111999199, 1898

191991 vide Paynel.

1911911919, 111919 (19, 461, 527
Thomas 91199 1711191191 (19, 461
77111919199119, 401

1911191999, 1119911199 (19, 919, 1105

199119191, (191999199 91199 Η991191,

1780
Η9911999, 1780
1119911199, 1780
119391991780

199919911, S, (19 1191199, Prior, 350

1991191199 11999199, 1760

199191199, Hugo, 1224

Papa, Dominus, 536, 1039, 1095,
1339, 13811388, 1599, 1928

1999111, Μ9111119, 1184

Papillu', 41990199, 820
191991199, Hugo, 940
19199199, 343
19191999991, Alicio uxor Golfridi 19,
1293, App.1
Galfridus le, 1293, 1394, 1529,
App.l
Motillis uxor (1911191119, 1394, 1529
19199, 191199 (19, 507
Parent, Alexander, 1119
19919119 9191 Alexandri, 1119
1911191, (1919919919, 984
1119911199 19, 984
1191191199 91199 1191991119, 984
77911999 91199 (1919911 19, 984
Porloben’, (1119191199293
191199, 191199, Η9911999 (19, 1982
Willelmns (19, 1052
191191, 1191391919 uxor 17911911, 1821
779119199, 1821
1911991199, J 91199999, 36
191919919999, Adam, 1801
Η9911999 91199 11969111, 568
1191191199, 568
1911999191, 01119199 9191 1191191919,
389
1199111199 19, 389
191999, 111199, 248
Simon, 1712
1999919119 vide Posoelwe.
19999199, 1999919119, (1119191199, 506,
9241053
1191191199, 106, 1108, 1904
89119 uxor (1119119111, 924, 1053
Simon, 506
19199, Hugo (19, 926
1919111, 091999, 363
1119 uxor Comitis, 363
77111911999, 615
1919911111 vide Ρ9199119119,
1919911911 vide Ρ9199119119,
Ρ9199119119, 1919911111, 1919911911,
Ρ9199119119, Η9911999 (19, 1286
Μ9111999 (19, 278, 583, 983,1030,
1084, 1279, 1294, 1618, 1691,
1827,1884
Simon de, 1358, 1411, App. 8

 

