290

INDEX 01³ PERSONS.

The 16165611τεὶ61 16 thecatum to 116 mee.

Gladefen‚RogerusfiliusOsbertide,564
(11666166, Regem, 1210
(1166661116 61 66 (1166661116.
(116661116 vide (1166661116.
(1111661116 vide (1166661116.
(1111616616, 65566 66, 141, 157, 223,
667, 1391, 1469, 1615
(1166666166 vide (1166666616.
(1166661116, (1161661116, 6161161116,
(1166661116, (116661116, (1166-
willa, (11666616, Β611561661666
66, 1516
Η6611666 66, 160, 265, 365, 1377,
1625
16656116 uxor Β61156161661 66, 1516
06561166 66, 1920
111661666 66, 180
7711165666 66, 246
(1166, Gregorius, 426
(1166151116, 41616666 66, 251
(116661116 vide (1166661116.
(1161166, 6656116616, 265, 963, 996
(1161163566, 116561166 66, 1505
(1161165616, 1161161166 66, 495
(11666661116, 6166666166, Hugo 66,
1961
16656116 uxor willelmi 66, 1621
16566666 filius 11666666, 1696
16166666 (16, 692
116661166 66, 667
6166166666, 1052
66561166 66, 667
11666166 66, 1696
7711165666 66, 1621
(11666661116, 45566, 172, 900, 1152
6165161666666, 667
Comes, 102, 167, 232, 447, 1037,
1045, 1133, 1162, 1236, 1436,
1526, 1567, 1562, 1734
(1616111666, 35
Prior, 172
(1166666656, 66561166 66, 1206
(16661661666166 (1666161116,
(1666161116, (16661661116, 1116116166
66, 657, 693, 1133
(1666566, 1161166616 6161 16566616,

1075

(166656616566666, 1015
(16665661, Alexander, 423
(16661661616, 1116111116 uxor Roberti
66, 756
66561166 66, 756
(166656116, 16566666, 1552
(166656661666 vide (166616661666.
(1666616116, 1116111666 66, 1537
(1661616566, (166616365616, Hugo
de, 903, 913
1656666666, 1443, 1507
7111165666 66, 1443
(166161666, Ρ61166 66, 1166
(1666166, 7111165666, 135
(166616661666, (1666116661666, Ra
bertus de, 1779
(1661 vide Coher.
Gog, 16566666, 1705
Gogeshale vide Coggeshal’.
Goggeshale vide coggeshal'.
Goher, Daniel 16, 799
(161, 111661666 16, 1695
(16161661666, Ρ61166 66, 492
(1616161666, Ρ61166 66, 1662
(16166366, 7111165666 66, 1059
(161366, 116661166 66, 1267
(166651161115, willelmus de, 1736
(166665616, 11666566 66, 462
(1666156111, 116561166 66, 920
(1666111116, Stephanus de, 1311
Goudingeham 6166 (1661666566
(16616, 11636166 66, 447
Gowiz, 1656666616, 1620
(11666611 vide 6116666611.
(1166616 vide (11666616.
(1166616, (1116561166 66, 624
(11661, 1656666616, 1652
1116111666 16, 276
1166616616, 1525
(1166, Η63616, 1067
1656666616, 1063, 1444
(11666, (11666111661666 de, 394, 1554
77111616166 66 16, 526
7111161616611116611166161 66, 394
Graue vide (11666.
(116666 vide (11666616

(1166656161, 116661166 66, 1125Ι

 

